0.1679417
0.1799385
0.3051391
0.2546381
0.2441455
0.2602282
0.3453414
0.3238760
0.2814180
0.3370962
0.3656510
0.3351521
0.1783795
0.1686993
0.1593357
0.1619055
0.2394557
0.2050925
0.1396567
0.2220804
0.1819660
0.1278195
0.2100209
0.1989233
0.1552214
0.2518829
0.2947112
0.2091628
0.2019933
0.2558343
0.3162645
0.3642805
0.2464421
0.2568393
0.1674311
0.1891970
0.2703942
0.1753249
0.2982485
0.3147982
0.2980005
0.3374219
0.2729238
0.2533114
0.3541549
0.3132194
0.3294103
0.3401624
0.2495143
0.2786389
0.4233766
0.4856364
0.3797882
0.3960794
0.4793556
0.5087555
0.4590013
0.3420955
0.4585367
0.2722808
0.2707025
0.4359165
0.2141726
0.1545522
0.3664591
0.3718597
0.3193301
0.3537656
0.3344367
0.2244313
0.2029111
0.3840906
0.2181657
0.1688912
0.1487415
0.2501592
0.1554315
0.1821832
0.1924571
0.2110228
0.1848088
0.1527485
0.2339088
0.3464019
0.2567624
0.3656838
0.3877276
0.3879453
0.4134350
0.3683777
0.2344054
0.1824801
0.3283687
0.2769316
0.3785277
0.2298725
0.2958297
0.2814263
0.4031564
0.3067537
0.2492741
0.1649227
0.1589528
0.2006107
0.1927640
0.1498375
0.2762470
0.1730524
0.2722021
0.2569366
0.2842068
0.2163981
0.2639137
0.3038821
0.2641448
0.2394789
0.2193429
0.2148649
0.1967013
0.2473878
0.2270292
0.3305829
0.4018146
0.3717033
0.3880955
0.3010936
0.2069784
0.2356130
0.2991702
0.2122570
0.2280213
0.2000678
0.2798894
0.3111623
0.3531136
0.3316251
0.3962132
0.2071107
0.3082241
0.2704596
0.2182634
0.2588694
0.2253256
0.2137415
0.2116012
0.3132881
0.3103806
0.2524380
0.3650439
0.4313132
0.1831147
0.2166060
0.2700524
0.3408578
0.2002896
0.1900792
0.4133286
0.4060581
0.3950351
0.3537511
0.4604172
0.3789481
0.3971438
0.3391683
0.3025152
0.2555034
0.1859201
0.1573925
0.2262098
0.3141696
0.2100394
0.2653571
0.2746477
0.2033608
0.1678014
0.2638739
0.2991151
0.2086704
0.2093003
0.2100136
0.2926446
0.2746513
0.2863627
0.3343170
0.2421845
0.3588819
0.2689021
0.2572670
0.3184869
0.2327638
0.2274850
0.2484964
0.2118104
0.2824675
0.2220384
0.2803720
0.2673865
0.3068743
0.2451566
0.3300426
0.2744225
0.2261176
0.2973310
0.2362032
0.3078369
0.3299193
0.3639118
0.2064985
0.2876337
0.3465603
0.2623656
0.3190038
0.1883008
0.2241407
0.1656747
0.1754734
0.2074475
0.1882908
0.2533914
0.2287967
0.2961372
0.2902477
0.3067877
0.2326092
0.1715456
0.2384307
0.2193625
0.2856750
0.2765651
0.1968500
0.2093054
0.1987560
0.3176170
0.2722588
0.2021028
0.2005361
0.2631629
0.2656635
0.3675737
0.2177175
0.2621419
0.2538752
0.1889502
0.2335577
0.2616805
0.2583476
0.3926514
0.2202448
0.2443026
0.2117149
0.1991092
0.2653178
0.2446466
0.1861275
0.1771246
0.2348591
0.2536288
0.3801342
0.2594114
0.2013605
0.2719845
0.2808759
0.2316568
0.3016155
0.3360735
0.2887102
0.2971418
0.2785940
0.2272186
0.2247793
0.2551236
0.2313716
0.2708892
0.2027177
0.2241362
0.1803144
0.2120404
0.2020634
0.2518506
0.2630624
0.1834338
0.2415769
0.2721562
0.2837931
0.3281265
0.2674251
0.1734753
0.2297733
0.2309675
0.1948177
0.2374863
0.2168908
0.2342469
0.2553395
0.1977752
0.2468792
0.2791208
0.3077600
0.3011746
0.2827908
0.2809250
0.2344034
0.2018713
0.2104127
0.2427397
0.2273426
0.1946564
0.2349284
0.1982903
0.2089247
0.2038421
0.1667346
0.1731275
0.2603844
0.2188186
0.4150077
0.5471542
0.3329936
0.3802036
0.3166225
0.3022510
0.3008035
0.4336425
0.2199652
0.4094052
0.4293327
0.3686443
0.2221805
0.4442389
0.2527753
0.2383855
0.2668545
0.2466021
0.1647539
0.2782067
0.2734554
0.2382783
0.2019886
0.2296382
0.3262939
0.2594642
0.2392721
0.2385331
0.2020392
0.1914564
0.2874982
0.1751635
0.2532718
0.2509852
0.2508089
0.2466047
0.1711190
0.3498009
0.3165489
0.3184181
0.3210119
0.3002745
0.3083071
0.2599972
0.3054135
0.2180140
0.2490170
0.2666745
0.2180652
0.2204348
0.1488370
0.2021411
0.1875827
0.1896678
0.2409814
0.2148504
0.2367245
0.1843782
0.2726025
0.2384685
0.2255922
0.1927554
0.2147326
0.2240113
0.3127853
0.3138129
0.2881246
0.2627199
0.3411175
0.2342741
0.3016107
0.2410565
0.3669108
0.3323028
0.2669086
0.2324608
0.3197671
0.2843386
0.3275772
0.2671495
0.3113210
0.3809239
0.3172531
0.3055644
0.2729293
0.2804867
0.2798222
0.2539747
0.2136588
0.3111821
0.2170036
0.3457410
0.2346021
0.2883373
0.3163058
0.2716175
0.2203016
0.3065455
0.2652486
0.3047715
0.2748669
0.1982167
0.1925748
0.2396155
0.2302989
0.1932005
0.3235972
0.2101644
0.2495894
0.2202020
0.2333245
0.2827413
0.2943001
0.3680719
0.4070992
0.3626162
0.3759499
0.4043946
0.3279772
0.3235430
0.4345088
0.4260364
0.4679733
0.4153669
0.4634861
0.3568347
0.2948483
0.2723106
0.3595608
0.3038022
0.2733636
0.3664456
0.3186331
0.2626286
0.2607777
0.2904500
0.2832860
0.1813388
0.3676963
0.3767545
0.4285538
0.3758228
0.3551284
0.3221982
0.2923450
0.2532994
0.2748453
0.2309311
0.2589500
0.3253625
0.2822284
0.2932123
0.3300432
0.2507070
0.2783227
0.3001930
0.2960939
0.2379114
0.2582286
0.2131086
0.2798380
0.2387699
0.2544013
0.2743894
0.3314998
0.2822787
0.1547974
0.2066692
0.2815898
0.2528957
0.2537340
0.2265134
0.2452300
0.1571189
0.2324788
0.2470217
0.2698724
0.2822745
0.2893393
0.2479946
0.1923061
0.1991031
0.4088140
0.4654627
0.3323297
0.3205429
0.2401231
0.2919491
0.3185836
0.4527130
0.2281412
0.3401327
0.2973149
0.1537334
0.3889186
0.5691044
0.4405814
0.3087951
0.3227142
0.3641387
0.4091667
0.4368226
0.1896383
0.2378018
0.2374807
0.2832307
0.2577939
0.2721471
0.2326083
0.2280178
0.2903648
0.3101441
0.2239080
0.2210740
0.3070547
0.3836595
0.3629800
0.2267446
0.2574174
0.2361801
0.2146073
0.2855828
0.3223754
0.3171132
0.2366367
0.2237585
0.2636825
0.2948292
0.3492419
0.2699460
0.2502810
0.2355530
0.2543729
0.2444143
0.3107990
0.3410172
0.2439539
0.2297549
0.2484731
0.3019609
0.3764949
0.2926327
0.2321284
0.3332590
0.3658152
0.2675174
0.3096712
0.2709660
0.3060094
0.2790904
0.2252605
0.2595324
0.2645269
0.3055541
0.2551286
0.2784747
0.3283470
0.4109358
0.3130160
0.4007567
0.4346620
0.2835269
0.3828135
0.3181433
0.3007643
0.2908473
0.4342354
0.3099495
0.2744454
0.3987309
0.2831163
0.2479869
0.2390241
0.2820485
0.2226720
0.2990331
0.2080412
0.2628262
0.3667158
0.2577303
0.3287562
0.3452632
0.4131494
0.2794549
0.3461865
0.2480258
0.3597867
0.3148197
0.1939734
0.2532724
0.2584518
0.2606439
0.2905775
0.2747419
0.3624602
0.2941666
0.1745659
0.2301812
0.2257826
0.1953444
0.2254149
0.2575429
0.2277417
0.2188230
0.2516124
0.2070495
0.2128846
0.2603709
0.2220612
0.2482481
0.2311786
0.2749913
0.2499005
0.3273691
0.3013697
0.3305462
0.2383693
0.3445227
0.3749855
0.2323616
0.2454266
0.3043107
0.3045178
0.3503366
0.3856875
0.3015490
0.3988897
0.4137793
0.4438996
0.4569828
0.3420369
0.3425142
0.2826991
0.2969527
0.3327051
0.4165932
0.4397024
0.3316069
0.3535138
0.2940182
0.3371898
0.3452492
0.3426816
0.3918992
0.2827761
0.3348375
0.2354065
0.2535265
0.3005898
0.2814048
0.2237920
0.2917027
0.2493989
0.2553130
0.3021957
0.3410996
0.3065303
0.2786880
0.2683915
0.2507064
0.2519174
0.2615412
0.3552379
0.3066520
0.3331629
0.3973799
0.5173912
0.4066763
0.3225371
0.2820575
0.2372174
0.2428785
0.2980658
0.2743423
0.3243039
0.2702776
0.2047544
0.2225433
0.2198911
0.2286055
0.1925565
0.2224712
0.1670232
0.2299080
0.1889917
0.1723109
0.2068924
0.1856448
0.3328097
0.3033211
0.2457959
0.2193856
0.3546785
0.3454654
0.2407876
0.2310570
0.1954841
0.2489455
0.2807109
0.4414517
0.2234172
0.2951342
0.2501866
0.1810954
0.1721999
0.2516881
0.2832454
0.3849858
0.4630226
0.4298390
0.3591110
0.4529774
0.5298520
0.3822833
0.3301479
0.4728379
0.4055176
0.3493492
0.3595037
0.3168775
0.3898895
0.3075823
0.3019825
0.2719475
0.2243995
0.2968599
0.3300097
0.2281597
0.2711543
0.2445623
0.2479369
0.2175393
0.2558419
0.2471064
0.2864483
0.3144517
0.3038154
0.2430938
0.2292615
0.2341307
0.2973961
0.2882296
0.2382394
0.2598555
0.2623400
0.3074261
0.3440973
0.2419591
0.3274502
0.3235627
0.3056468
0.2133672
0.2601379
0.2959628
0.3347781
0.2763138
0.2321029
0.2892210
0.2371643
0.3285369
0.3229999
0.3297993
0.3650438
0.4946947
0.5044917
0.4859434
0.4581555
0.4875643
0.5079759
0.5318283
0.5483837
0.5436189
0.5404558
0.5107159
0.5650566
0.5372986
0.5567016
0.5345879
0.5265000
0.5491391
0.5661687
0.5581530
0.5710535
0.5714876
0.5690167
0.5488921
0.5740658
0.5784826
0.5396052
0.5618992
0.5602707
0.5589176
0.5708094
0.5466884
0.5672935
0.5811276
0.5871928
0.5907851
0.5827761
0.5595741
0.5687749
0.5675856
0.5661899
0.6186498
0.5929751
0.5944969
0.6058196
0.5608830
0.5944359
0.6111482
0.5702872
0.5685272
0.5810391
0.5840073
0.5816935
0.5588526
0.5502557
0.5731254
0.5808970
0.5759036
0.5479637
0.5620052
0.5601312
0.5609614
0.5520397
0.5440129
0.5369873
0.5625463
0.5446590
0.5457499
0.5427728
0.5445314
0.5512567
0.5513508
0.5493374
0.5426528
0.5481645
0.5455987
0.5403010
0.5407787
0.5488554
0.5364074
0.5533077
0.5420823
0.5467232
0.5621065
0.5440328
0.5455588
0.5502107
0.5527115
0.5444375
0.5380225
0.5397305
0.5378647
0.5471370
0.5455196
0.5457087
0.5482183
0.5500622
0.5553397
0.5623548
0.5490118
0.5623452
0.5388701
0.5554216
0.5302514
0.5565757
0.5449648
0.5490932
0.5428322
0.5607881
0.5486682
0.5417516
0.5288373
0.5382690
0.5535735
0.5418031
0.5414419
0.5334736
0.5358416
0.5391060
0.5330784
0.5456383
0.5512042
0.5432481
0.5415848
0.5470109
0.5469785
0.5344414
0.5545884
0.5371464
0.5554923
0.5479818
0.5450860
0.5483250
0.5648043
0.5456383
0.5468991
0.5483562
0.5429322
0.5350850
0.5396970
0.5484256
0.5418413
0.5636688
0.5423694
0.5535342
0.5657079
0.5482447
0.5460666
0.5419298
0.5507070
0.5465223
0.5493171
0.5464956
0.5592263
0.5730304
0.5844424
0.5603390
0.5462474
0.5514492
0.5471343
0.5497710
0.5382142
0.5347204
0.5571141
0.5358157
0.5424591
0.5449036
0.5293187
0.5379613
0.5468108
0.5429409
0.5537061
0.5508209
0.5388249
0.5527045
0.5361723
0.5468622
0.5285411
0.5292171
0.5136012
0.5351669
0.5302022
0.5288239
0.5381148
0.5289819
0.5413307
0.5533481
0.5319880
0.5357172
0.5298120
0.5497817
0.5321491
0.5268456
0.5461432
0.5412728
0.5345559
0.5344982
0.5348839
0.5259237
0.5251031
0.5466455
0.5296038
0.5276530
0.5322313
0.5377744
0.5260524
0.5481569
0.5390987
0.5358779
0.5182881
0.5224718
0.5311017
0.5358155
0.5451579
0.5370898
0.5296091
0.5322843
0.5425915
0.5494667
0.5385672
0.5414817
0.5353393
0.5405678
